Tensor("dropout_3/mul:0", shape=(?, 625), dtype=float32)
<tf.Variable 'Variable_4:0' shape=(10393, 625) dtype=float32_ref>
0th image:  [[[ 0.83054352  0.78455687  0.38844228]
  [ 0.40371406  0.32749486 -0.07024485]
  [ 0.30790401  0.24391377 -0.24070883]
  ..., 
  [-0.23963463 -0.2891112  -0.511338  ]
  [-0.47727001 -0.50742817 -0.68617523]
  [-0.79272974 -0.82072544 -0.96886104]]

 [[ 0.0609901  -0.02730644 -0.30112606]
  [-0.01678556 -0.12557381 -0.37926376]
  [-0.03047091 -0.10342377 -0.37868834]
  ..., 
  [-0.95358115 -0.95398772 -1.        ]
  [-0.89106399 -0.9096629  -1.        ]
  [-0.839531   -0.85817659 -0.9988811 ]]

 [[-0.00191039 -0.04420871 -0.27365696]
  [-0.17437607 -0.23361921 -0.5164659 ]
  [-0.38492429 -0.40547401 -0.70671916]
  ..., 
  [-0.7296074  -0.74098104 -0.91829598]
  [-0.75553232 -0.78422624 -0.91381705]
  [-0.89208275 -0.9129281  -1.        ]]

 ..., 
 [[-0.93627441 -0.92108393 -0.97901857]
  [-0.88472855 -0.8654052  -0.9459815 ]
  [-0.46231884 -0.43449259 -0.54387909]
  ..., 
  [ 0.04119313 -0.0133214  -0.04532862]
  [ 0.03965855 -0.06669545 -0.08602309]
  [-0.04615319 -0.15349919 -0.16876131]]

 [[-0.81653249 -0.7928915  -0.79244167]
  [-0.85577375 -0.83037543 -0.85755664]
  [-0.76989216 -0.73762912 -0.79838496]
  ..., 
  [ 0.10282564  0.03867352  0.01589179]
  [ 0.09625494  0.02520394  0.0321157 ]
  [ 0.09023523  0.01695395  0.02507162]]

 [[-0.81537426 -0.79024392 -0.74830925]
  [-0.83892298 -0.81638432 -0.80805314]
  [-0.9363814  -0.91475332 -0.91543514]
  ..., 
  [-0.19666255 -0.33988219 -0.36313105]
  [-0.19922876 -0.32985258 -0.35273349]
  [-0.37430447 -0.50492847 -0.52780926]]]
1th image:  [[[-0.48402363 -0.49135864 -0.64296174]
  [-0.13463283 -0.14128464 -0.32599908]
  [ 0.12856293  0.10820544 -0.12493891]
  ..., 
  [ 0.73499537  0.72412777  0.20750558]
  [ 0.84111094  0.81171381  0.38748753]
  [ 1.          1.          0.89174843]]

 [[-0.53585899 -0.53538787 -0.67819285]
  [-0.59293491 -0.5910176  -0.75923693]
  [-0.66238821 -0.64753497 -0.79476726]
  ..., 
  [ 0.36022449  0.32322896  0.03101587]
  [ 0.37538183  0.30415702  0.03206289]
  [ 0.46152318  0.41054285  0.11856234]]

 [[-0.59406328 -0.59776694 -0.71344119]
  [-0.44282532 -0.45238811 -0.58410513]
  [-0.41411185 -0.4039185  -0.58547473]
  ..., 
  [-0.0323543  -0.01977557 -0.335419  ]
  [ 0.20084059  0.17688227 -0.12230504]
  [ 0.39185703  0.37860596  0.13831246]]

 ..., 
 [[ 0.34285545  0.2523973   0.23687577]
  [ 0.43789709  0.34868538  0.32887661]
  [ 0.43959689  0.39830482  0.3693229 ]
  ..., 
  [-0.12715518 -0.08605087 -0.18158478]
  [-0.59352249 -0.56331289 -0.63034052]
  [-0.64915067 -0.62498057 -0.66960531]]

 [[ 0.49391389  0.43221343  0.44477272]
  [ 0.50058115  0.44099903  0.45245349]
  [ 0.50785863  0.45706618  0.43717682]
  ..., 
  [-0.4630987  -0.42179316 -0.46920937]
  [-0.55613673 -0.52451527 -0.53871119]
  [-0.5105024  -0.48299956 -0.46985596]]

 [[-0.02059227 -0.13142151 -0.15714258]
  [ 0.17331481  0.06248558  0.0367645 ]
  [ 0.176157    0.05398178  0.02677977]
  ..., 
  [-0.64357758 -0.61796898 -0.60594499]
  [-0.53395653 -0.50901926 -0.48718125]
  [-0.50469148 -0.4804076  -0.42299908]]]
2th image:  [[[ 1.          1.          0.83750427]
  [ 0.85531425  0.87302947  0.26691628]
  [ 0.70482421  0.75582135  0.04956508]
  ..., 
  [ 0.05878484  0.06551349 -0.26213372]
  [-0.23543131 -0.21754622 -0.4733004 ]
  [-0.62600148 -0.6127677  -0.82052767]]

 [[ 0.43098807  0.40709913 -0.00950003]
  [ 0.33469403  0.28378832 -0.10627276]
  [ 0.31775022  0.31096816 -0.10435688]
  ..., 
  [-0.84587479 -0.80602199 -0.98446226]
  [-0.75506866 -0.72861958 -0.9521178 ]
  [-0.68656993 -0.66481662 -0.85627943]]

 [[ 0.35311103  0.36934316  0.03213537]
  [ 0.13958132  0.14952552 -0.27442205]
  [-0.15843284 -0.10196859 -0.50826174]
  ..., 
  [-0.56681442 -0.52872038 -0.75898278]
  [-0.57994753 -0.57172704 -0.75087184]
  [-0.74901038 -0.73548347 -0.89066118]]

 ..., 
 [[-0.82128692 -0.78080922 -0.822106  ]
  [-0.76300585 -0.71187347 -0.78311348]
  [-0.24734104 -0.17836112 -0.28770214]
  ..., 
  [ 0.40647745  0.36410367  0.33045828]
  [ 0.40457737  0.30262172  0.27677011]
  [ 0.29833412  0.19436204  0.17459118]]

 [[-0.66036701 -0.62209427 -0.58617872]
  [-0.71543241 -0.66850305 -0.66912913]
  [-0.61737639 -0.55367398 -0.59870183]
  ..., 
  [ 0.48278463  0.42776     0.40622044]
  [ 0.47464943  0.40527701  0.42823064]
  [ 0.46719635  0.39510894  0.4194231 ]]

 [[-0.6571902  -0.62943399 -0.53009355]
  [-0.68407142 -0.65118068 -0.60245746]
  [-0.80884141 -0.77297127 -0.73855227]
  ..., 
  [ 0.11198843 -0.02937382 -0.06975889]
  [ 0.10881138 -0.01886469 -0.05579174]
  [-0.10794985 -0.23562574 -0.27255279]]]
3th image:  [[[ -7.98367739e-01  -7.91299224e-01  -9.72936034e-01]
  [ -5.60959280e-01  -5.48758745e-01  -7.59413719e-01]
  [ -3.75253379e-01  -3.66053283e-01  -6.29078746e-01]
  ..., 
  [  1.44243240e-05   5.49205542e-02  -4.39033508e-01]
  [  9.94610786e-02   1.28583908e-01  -3.03112388e-01]
  [  4.09066439e-01   4.56750751e-01   5.16220331e-02]]

 [[ -8.36665988e-01  -8.27282310e-01  -9.72936034e-01]
  [ -8.74277294e-01  -8.66903305e-01  -9.72936034e-01]
  [ -9.20240164e-01  -9.14969504e-01  -9.72936034e-01]
  ..., 
  [ -2.10834265e-01  -2.05238223e-01  -5.32072544e-01]
  [ -1.92371249e-01  -2.13683248e-01  -5.33443451e-01]
  [ -1.32573605e-01  -1.36871815e-01  -4.73343909e-01]]

 [[ -8.70160937e-01  -8.67686629e-01  -9.72936034e-01]
  [ -7.65553951e-01  -7.62700081e-01  -9.31140125e-01]
  [ -7.66413093e-01  -7.42767811e-01  -9.36563075e-01]
  ..., 
  [ -5.21540165e-01  -4.77758884e-01  -7.82558203e-01]
  [ -3.31629395e-01  -3.15879464e-01  -6.37603641e-01]
  [ -1.98475003e-01  -1.83279514e-01  -4.46340978e-01]]

 ..., 
 [[ -2.14950442e-01  -2.85136700e-01  -3.55983138e-01]
  [ -1.48974359e-01  -2.17691600e-01  -2.92569995e-01]
  [ -1.47794425e-01  -1.81455553e-01  -2.58732736e-01]
  ..., 
  [ -5.62445283e-01  -5.25197983e-01  -6.42740846e-01]
  [ -8.80645931e-01  -8.56504142e-01  -9.50020790e-01]
  [ -9.14986730e-01  -8.99312615e-01  -9.72936034e-01]]

 [[ -1.10088587e-01  -1.63859189e-01  -2.03215241e-01]
  [ -1.05460286e-01  -1.57584786e-01  -1.97732747e-01]
  [ -1.00408435e-01  -1.42020762e-01  -2.11690426e-01]
  ..., 
  [ -7.89058685e-01  -7.58263767e-01  -8.35251153e-01]
  [ -8.47632289e-01  -8.29571545e-01  -8.78559470e-01]
  [ -8.11578870e-01  -8.00752163e-01  -8.26697111e-01]]

 [[ -4.67248976e-01  -5.50397694e-01  -6.34047747e-01]
  [ -3.32642317e-01  -4.15791035e-01  -4.99441147e-01]
  [ -3.30669403e-01  -4.21615720e-01  -5.08279204e-01]
  ..., 
  [ -9.03829694e-01  -8.94445300e-01  -9.21334028e-01]
  [ -8.25147271e-01  -8.18814516e-01  -8.36014509e-01]
  [ -8.08796525e-01  -8.08101892e-01  -7.91651249e-01]]]
4th image:  [[[-0.72607839 -0.67913604 -1.        ]
  [-0.40884125 -0.34701896 -0.79486191]
  [-0.15465385 -0.09683567 -0.67923963]
  ..., 
  [ 0.2880218   0.47961485 -0.6961388 ]
  [ 0.45954347  0.58048403 -0.43530411]
  [ 0.86309862  1.          0.08232629]]

 [[-0.78539395 -0.72840858 -1.        ]
  [-0.84006232 -0.78266269 -1.        ]
  [-0.91539747 -0.84848094 -1.        ]
  ..., 
  [ 0.07030058  0.12337255 -0.62298238]
  [ 0.1274097   0.1121856  -0.63913167]
  [ 0.19119346  0.21966302 -0.55647373]]

 [[-0.82219315 -0.78373528 -1.        ]
  [-0.67479473 -0.63997447 -0.97934997]
  [-0.70271647 -0.61268067 -1.        ]
  ..., 
  [-0.39942342 -0.24979717 -0.93953496]
  [-0.10693127 -0.02813125 -0.76135641]
  [ 0.08021593  0.15344119 -0.42905521]]

 ..., 
 [[ 0.09649134 -0.05846304 -0.15606689]
  [ 0.18683422  0.03583539 -0.07230979]
  [ 0.18844986  0.12521434  0.01321578]
  ..., 
  [-0.43434674 -0.31475651 -0.52335674]
  [-0.85263968 -0.76842284 -0.91528976]
  [-0.88892162 -0.82704157 -0.92539293]]

 [[ 0.24008155  0.12391627  0.11061275]
  [ 0.24641907  0.1344229   0.11914527]
  [ 0.25333679  0.16969573  0.07721961]
  ..., 
  [-0.73404181 -0.63389969 -0.73829627]
  [-0.79698551 -0.7315433  -0.76399779]
  [-0.73730499 -0.69208014 -0.66532791]]

 [[-0.24898744 -0.43542475 -0.56774998]
  [-0.06466717 -0.25110412 -0.38342947]
  [-0.06196547 -0.26767361 -0.40850574]
  ..., 
  [-0.86196208 -0.82037669 -0.79604924]
  [-0.74948096 -0.71681345 -0.66697788]
  [-0.75406653 -0.73808956 -0.60020173]]]
